       0.2530717853      -0.1035310299       0.1009980735      -0.0712203036       0.0068584897       0.0084548584      -0.0842026431       0.0091146790      -0.0619398254      -0.0976347037       0.0875578245      -0.0475087893
      -0.1035310299       0.6808752346      -0.1418458460       0.0068152043      -0.1487547783      -0.0615218704       0.0092179776      -0.1063879127       0.0299881252       0.0873667867      -0.4257514528       0.1733215527
       0.1009980735      -0.1418458460       0.8259777974       0.0084072276      -0.0614500354      -0.0958741627      -0.0617391739       0.0289163377      -0.5305738633      -0.0477505931       0.1743512375      -0.1995775708
      -0.0712203036       0.0068152043       0.0084072276       0.0266987451      -0.0223058495      -0.0026568006       0.0234527974      -0.0004523761      -0.0055654769       0.0210629897       0.0159420751      -0.0001883098
       0.0068584897      -0.1487547783      -0.0614500354      -0.0223058495       0.1984532580       0.0840024685       0.0013830566       0.0052405447      -0.0174223860       0.0141249399      -0.0549315595      -0.0051012276
       0.0084548584      -0.0615218704      -0.0958741627      -0.0026568006       0.0840024685       0.1291285203      -0.0027701848      -0.0324202560      -0.0479348774      -0.0029885421       0.0099465395       0.0147005431
      -0.0842026431       0.0092179776      -0.0617391739       0.0234527974       0.0013830566      -0.0027701848       0.0405200581      -0.0220583446       0.0884632051       0.0202303200       0.0114614435      -0.0239569076
       0.0091146790      -0.1063879127       0.0289163377      -0.0004523761       0.0052405447      -0.0324202560      -0.0220583446       0.0998244506      -0.0702141890       0.0134249083       0.0013283320       0.0737302619
      -0.0619398254       0.0299881252      -0.5305738633      -0.0055654769      -0.0174223860      -0.0479348774       0.0884632051      -0.0702141890       0.6377943307      -0.0209251382       0.0576636772      -0.0592677458
      -0.0976347037       0.0873667867      -0.0477505931       0.0210629897       0.0141249399      -0.0029885421       0.0202303200       0.0134249083      -0.0209251382       0.0563325013      -0.1149197825       0.0716663777
       0.0875578245      -0.4257514528       0.1743512375       0.0159420751      -0.0549315595       0.0099465395       0.0114614435       0.0013283320       0.0576636772      -0.1149197825       0.4793606960      -0.2419443829
      -0.0475087893       0.1733215527      -0.1995775708      -0.0001883098      -0.0051012276       0.0147005431      -0.0239569076       0.0737302619      -0.0592677458       0.0716663777      -0.2419443829       0.2441547153
