       0.2529891795      -0.1034539688       0.1007516503      -0.0712534373       0.0069068447       0.0084887730      -0.0841389156       0.0090662326      -0.0618028328      -0.0975825949       0.0874764614      -0.0474322566
      -0.1034539688       0.6809442922      -0.1410449178       0.0068617022      -0.1491996396      -0.0617918559       0.0091467672      -0.1062318436       0.0296120845       0.0873149922      -0.4255017159       0.1731679892
       0.1007516503      -0.1410449178       0.8253374956       0.0084354042      -0.0617136487      -0.0960634872      -0.0616370537       0.0287450998      -0.5301133478      -0.0476370718       0.1739951741      -0.1992017443
      -0.0712534373       0.0068617022       0.0084354042       0.0267267093      -0.0223495664      -0.0026915547       0.0234543864      -0.0004492315      -0.0055648354       0.0210663166       0.0159376715      -0.0001824354
       0.0069068447      -0.1491996396      -0.0617136487      -0.0223495664       0.1988501940       0.0842451408       0.0013936922       0.0052261676      -0.0173637867       0.0141109752      -0.0548816503      -0.0051404033
       0.0084887730      -0.0617918559      -0.0960634872      -0.0026915547       0.0842451408       0.1292923626      -0.0027583012      -0.0324353573      -0.0478870809      -0.0029987145       0.0099820740       0.0146763898
      -0.0841389156       0.0091467672      -0.0616370537       0.0234543864       0.0013936922      -0.0027583012       0.0404824468      -0.0220253447       0.0883691832       0.0202033157       0.0114899222      -0.0239777516
       0.0090662326      -0.1062318436       0.0287450998      -0.0004492315       0.0052261676      -0.0324353573      -0.0220253447       0.0997733658      -0.0700564929       0.0134372699       0.0012311841       0.0737596245
      -0.0618028328       0.0296120845      -0.5301133478      -0.0055648354      -0.0173637867      -0.0478870809       0.0883691832      -0.0700564929       0.6374854396      -0.0209686357       0.0578199936      -0.0594712004
      -0.0975825949       0.0873149922      -0.0476370718       0.0210663166       0.0141109752      -0.0029987145       0.0202033157       0.0134372699      -0.0209686357       0.0563035260      -0.1148644182       0.0716064266
       0.0874764614      -0.4255017159       0.1739951741       0.0159376715      -0.0548816503       0.0099820740       0.0114899222       0.0012311841       0.0578199936      -0.1148644182       0.4791471407      -0.2417807080
      -0.0474322566       0.1731679892      -0.1992017443      -0.0001824354      -0.0051404033       0.0146763898      -0.0239777516       0.0737596245      -0.0594712004       0.0716064266      -0.2417807080       0.2440056459
